For Addition Page 35 Fig:- 2.25(b)
----------------------------------
Input

12 6
2 2 2 2 0 1 1 1 2 2 2 2
5
1 1 1 1 1 1
1

Output: 2 2 2 2 1 2 2 2 3 3 2 2
--------------------------------

For Multiplication
--------------------------------------

Input

13 13
3 2 1 1 2 3 0 3 2 1 1 2 3
7
2 2 2 2 2 2 2 2 2 2 2 2 2
7

Output: 6 4 2 2 4 6 0 6 4 2 2 4 6
----------------------------------------------



For even and odd components
-------------------------------------------

Input

4
1 1 1 1
1

Output

Even: 0.5 0.5 0.5 1 0.5 0.5 0.5
Odd: -0.5 -0.5 -0.5 0 0.5 0.5 0.5
-------------------------------------------------

Input

5
3 2 1 4 5
3

Output

Even: 4 3 1 3 4
Odd: -1,-1,0,1,1

----------------------------------------------

Linear Convolution
----------------------------
nput:

4
4
1 2 3 4
1
1 1 1 1
1

Output: 

1 3 6 10 9 7 4
--------------------------------------
Input:

4
4
1 2 3 1
1
1 2 1 -1
1

Output: 

1 4 8 8 3 -2 -1
---------------------------------------- 
Input:

3
5
2 2 1
1
3 3 3 3 3
1

Output: 

6 12 15 15 15 9 3
---------------------------------
Circular Convolution Circle Method

--------------------------------------------
Input:

4
4
1 3 5 7
1
2 4 6 8
1

Output:

84 92 84 60
----------------------------

Input:
5
3
1 2 -3 4 -5
1
-2 4 6
1

Output:

2 -30 20 -8 8
-----------------------------------------

Deconvolution
--------------------------------------------

Input:

7
3
1 5 10 11 8 4 1
1
1 2 1
1

Output:

1 3 3 2 1
